Rate	Pos	X	Y	FA	FL	FFIsTop	NumAcq	TimeSC
8437840.000000	-4400	0	0	11	0	0	0	100	2.700000	StartMammot
8437840.000000	-3960	0	0	11	0	0	0	100	2.700000	StartMammot
8437840	-3840	14	0	14	0	0	0.000000
8437840.000000	-3840	14	0	14	0	14	0	100	2.700000	FlushStart
8437840.000000	-3840	14	0	14	0	14	0	109	2.700000	FlushStop
1230600.000000	-3840	14	0	14	0	14	0	100	2.700000	FlushStart
1230600.000000	-3840	14	0	14	0	14	0	109	2.700000	FlushStop
15239400.000000	-3840	211	0	211	0	14	0	198	5.525000	NaN	OverTreshold
15239400.000000	4400	211	0	211	0	14	0	198	5.525000	FlushStart
15239400.000000	4400	211	0	211	0	14	0	222	5.525000	FlushStop
15239400.000000	4400	211	0	211	0	14	0	222	5.525000	0.315461	Stop
15239400.000000	4040	211	0	211	0	14	0	222	5.525000	Stop	Shift
15239400.000000	3920	211	0	208	0	14	0	222	5.525000	Stop	BackShift
15239400.000000	3920	211	0	208	208	14	0	222	5.525000	StopFinished
15239400.000000	3920	11	1	208	0	208	0	0	5.525000	0.000000	AdjustIndex
1209240.000000	3920	208	1	11	0	208	0	198	5.375000	0.000000	OverTreshold
1209240.000000	-4400	208	1	11	0	208	0	198	5.375000	FlushStart
1209240.000000	-4400	208	1	11	0	208	0	216	5.375000	FlushStop
1209240.000000	-4400	208	1	11	0	208	0	216	5.375000	0.138772	Stop
1209240.000000	-3960	208	1	11	0	208	0	216	5.375000	Stop	Shift
1209240.000000	-3840	208	1	14	0	208	0	216	5.375000	Stop	BackShift
1209240.000000	-3840	208	1	14	14	208	0	216	5.375000	StopFinished
1209240.000000	-3840	14	2	14	0	14	0	0	5.375000	NaN	AdjustIndex
17023480.000000	-3840	211	2	211	0	14	0	198	5.375000	NaN	OverTreshold
17023480.000000	4400	211	2	211	0	14	0	198	5.375000	FlushStart
17023480.000000	4400	211	2	211	0	14	0	216	5.375000	FlushStop
17023480.000000	4400	211	2	211	0	14	0	216	5.375000	0.176789	Stop
17023480.000000	4040	211	2	211	0	14	0	216	5.375000	Stop	Shift
17023480.000000	3920	211	2	208	0	14	0	216	5.375000	Stop	BackShift
17023480.000000	3920	211	2	208	208	14	0	216	5.375000	StopFinished
17023480.000000	3920	11	3	208	0	208	0	0	5.375000	0.000000	AdjustIndex
1178920.000000	3920	208	3	11	0	208	0	198	5.375000	0.000000	OverTreshold
1178920.000000	-4400	208	3	11	0	208	0	198	5.375000	FlushStart
1178920.000000	-4400	208	3	11	0	208	0	216	5.375000	FlushStop
1178920.000000	-4400	208	3	11	0	208	0	216	5.375000	0.220955	Stop
1178920.000000	-3960	208	3	11	0	208	0	216	5.375000	Stop	Shift
1178920.000000	-3840	208	3	14	0	208	0	216	5.375000	Stop	BackShift
1178920.000000	-3840	208	3	14	14	208	0	216	5.375000	StopFinished
1178920.000000	-3840	14	4	14	0	14	0	0	5.375000	NaN	AdjustIndex
15140640.000000	-3840	211	4	211	0	14	0	198	5.375000	NaN	OverTreshold
15140640.000000	4400	211	4	211	0	14	0	198	5.375000	FlushStart
15140640.000000	4400	211	4	211	0	14	0	216	5.375000	FlushStop
15140640.000000	4400	211	4	211	0	14	0	216	5.375000	1.890647	Stop
15140640.000000	4040	211	4	211	0	14	0	216	5.375000	Stop	Shift
15140640.000000	3920	211	4	208	0	14	0	216	5.375000	Stop	BackShift
15140640.000000	3920	211	4	208	208	14	0	216	5.375000	StopFinished
15140640.000000	3920	11	5	208	0	208	0	0	5.375000	0.000000	AdjustIndex
1503440.000000	3920	208	5	11	0	208	0	198	5.375000	0.000000	OverTreshold
1503440.000000	-4400	208	5	11	0	208	0	198	5.375000	FlushStart
1503440.000000	-4400	208	5	11	0	208	0	216	5.375000	FlushStop
1503440.000000	-4400	208	5	11	0	208	0	216	5.375000	0.161975	Stop
1503440.000000	-3960	208	5	11	0	208	0	216	5.375000	Stop	Shift
1503440.000000	-3840	208	5	14	0	208	0	216	5.375000	Stop	BackShift
1503440.000000	-3840	208	5	14	14	208	0	216	5.375000	StopFinished
1503440.000000	-3840	14	6	14	0	14	0	0	5.375000	NaN	AdjustIndex
15150400.000000	-3840	211	6	211	0	14	0	198	5.375000	NaN	OverTreshold
15150400.000000	4400	211	6	211	0	14	0	198	5.375000	FlushStart
15150400.000000	4400	211	6	211	0	14	0	216	5.375000	FlushStop
15150400.000000	4400	211	6	211	0	14	0	216	5.375000	0.197602	Stop
15150400.000000	4040	211	6	211	0	14	0	216	5.375000	Stop	Shift
15150400.000000	3920	211	6	208	0	14	0	216	5.375000	Stop	BackShift
15150400.000000	3920	211	6	208	208	14	0	216	5.375000	StopFinished
15150400.000000	3920	11	7	208	0	208	0	0	5.375000	0.000000	AdjustIndex
1547160.000000	3920	208	7	11	0	208	0	198	5.375000	0.000000	OverTreshold
1547160.000000	-4400	208	7	11	0	208	0	198	5.375000	FlushStart
1547160.000000	-4400	208	7	11	0	208	0	216	5.375000	FlushStop
1547160.000000	-4400	208	7	11	0	208	0	216	5.375000	0.196889	Stop
1547160.000000	-3960	208	7	11	0	208	0	216	5.375000	Stop	Shift
1547160.000000	-3840	208	7	14	0	208	0	216	5.375000	Stop	BackShift
1547160.000000	-3840	208	7	14	14	208	0	216	5.375000	StopFinished
1547160.000000	-3840	14	8	14	0	14	0	0	5.375000	NaN	AdjustIndex
15802400.000000	-3840	211	8	211	0	14	0	198	5.375000	NaN	OverTreshold
15802400.000000	4400	211	8	211	0	14	0	198	5.375000	FlushStart
15802400.000000	4400	211	8	211	0	14	0	216	5.375000	FlushStop
15802400.000000	4400	211	8	211	0	14	0	216	5.375000	0.226607	Stop
15802400.000000	4040	211	8	211	0	14	0	216	5.375000	Stop	Shift
15802400.000000	3920	211	8	208	0	14	0	216	5.375000	Stop	BackShift
15802400.000000	3920	211	8	208	208	14	0	216	5.375000	StopFinished
15802400.000000	3920	11	9	208	0	208	0	0	5.375000	0.000000	AdjustIndex
1641640.000000	3920	208	9	11	0	208	0	198	5.375000	0.000000	OverTreshold
1641640.000000	-4400	208	9	11	0	208	0	198	5.375000	FlushStart
1641640.000000	-4400	208	9	11	0	208	0	216	5.375000	FlushStop
1641640.000000	-4400	208	9	11	0	208	0	216	5.375000	0.183192	Stop
1641640.000000	-3960	208	9	11	0	208	0	216	5.375000	Stop	Shift
1641640.000000	-3840	208	9	14	0	208	0	216	5.375000	Stop	BackShift
1641640.000000	-3840	208	9	14	14	208	0	216	5.375000	StopFinished
1641640.000000	-3840	14	10	14	0	14	0	0	5.375000	NaN	AdjustIndex
16923120.000000	-3840	211	10	211	0	14	0	198	5.375000	NaN	OverTreshold
16923120.000000	4400	211	10	211	0	14	0	198	5.375000	FlushStart
16923120.000000	4400	211	10	211	0	14	0	216	5.375000	FlushStop
16923120.000000	4400	211	10	211	0	14	0	216	5.375000	0.538753	Stop
16923120.000000	4040	211	10	211	0	14	0	216	5.375000	Stop	Shift
16923120.000000	3920	211	10	208	0	14	0	216	5.375000	Stop	BackShift
16923120.000000	3920	211	10	208	208	14	0	216	5.375000	StopFinished
16923120.000000	3920	11	11	208	0	208	0	0	5.375000	0.000000	AdjustIndex
1782120.000000	3920	208	11	11	0	208	0	198	5.375000	0.000000	OverTreshold
1782120.000000	-4400	208	11	11	0	208	0	198	5.375000	FlushStart
1782120.000000	-4400	208	11	11	0	208	0	216	5.375000	FlushStop
1782120.000000	-4400	208	11	11	0	208	0	216	5.375000	0.171909	Stop
1782120.000000	-3960	208	11	11	0	208	0	216	5.375000	Stop	Shift
1782120.000000	-3840	208	11	14	0	208	0	216	5.375000	Stop	BackShift
1782120.000000	-3840	208	11	14	14	208	0	216	5.375000	StopFinished
1782120.000000	-3840	14	12	14	0	14	0	0	5.375000	NaN	AdjustIndex
14710520.000000	-3840	211	12	211	0	14	0	198	5.375000	NaN	OverTreshold
14710520.000000	4400	211	12	211	0	14	0	198	5.375000	FlushStart
14710520.000000	4400	211	12	211	0	14	0	216	5.375000	FlushStop
14710520.000000	4400	211	12	211	0	14	0	216	5.375000	0.273885	Stop
14710520.000000	4040	211	12	211	0	14	0	216	5.375000	Stop	Shift
14710520.000000	3920	211	12	208	0	14	0	216	5.375000	Stop	BackShift
14710520.000000	3920	211	12	208	208	14	0	216	5.375000	StopFinished
14710520.000000	3920	11	13	208	0	208	0	0	5.375000	0.000000	AdjustIndex
1713560.000000	3920	208	13	11	0	208	0	198	5.375000	0.000000	OverTreshold
1713560.000000	-4400	208	13	11	0	208	0	198	5.375000	FlushStart
1713560.000000	-4400	208	13	11	0	208	0	216	5.375000	FlushStop
1713560.000000	-4400	208	13	11	0	208	0	216	5.375000	0.174667	Stop
1713560.000000	-3960	208	13	11	0	208	0	216	5.375000	Stop	Shift
1713560.000000	-3840	208	13	14	0	208	0	216	5.375000	Stop	BackShift
1713560.000000	-3840	208	13	14	14	208	0	216	5.375000	StopFinished
1713560.000000	-3840	14	14	14	0	14	0	0	5.375000	NaN	AdjustIndex
12780560.000000	-3840	211	14	211	0	14	0	198	5.375000	NaN	OverTreshold
12780560.000000	4400	211	14	211	0	14	0	198	5.375000	FlushStart
12780560.000000	4400	211	14	211	0	14	0	216	5.375000	FlushStop
12780560.000000	4400	211	14	211	0	14	0	216	5.375000	0.278810	Stop
12780560.000000	4040	211	14	211	0	14	0	216	5.375000	Stop	Shift
12780560.000000	3920	211	14	208	0	14	0	216	5.375000	Stop	BackShift
12780560.000000	3920	211	14	208	208	14	0	216	5.375000	StopFinished
12780560.000000	3920	11	15	208	0	208	0	0	5.375000	0.000000	AdjustIndex
1765600.000000	3920	208	15	11	0	208	0	198	5.375000	0.000000	OverTreshold
1765600.000000	-4400	208	15	11	0	208	0	198	5.375000	FlushStart
1765600.000000	-4400	208	15	11	0	208	0	216	5.375000	FlushStop
1765600.000000	-4400	208	15	11	0	208	0	216	5.375000	0.217517	Stop
1765600.000000	-3960	208	15	11	0	208	0	216	5.375000	Stop	Shift
1765600.000000	-3840	208	15	14	0	208	0	216	5.375000	Stop	BackShift
1765600.000000	-3840	208	15	14	14	208	0	216	5.375000	StopFinished
1765600.000000	-3840	14	16	14	0	14	0	0	5.375000	NaN	AdjustIndex
12224160.000000	-3840	211	16	211	0	14	0	198	5.375000	NaN	OverTreshold
12224160.000000	4400	211	16	211	0	14	0	198	5.375000	FlushStart
12224160.000000	4400	211	16	211	0	14	0	216	5.375000	FlushStop
12224160.000000	4400	211	16	211	0	14	0	216	5.375000	0.185070	Stop
12224160.000000	4040	211	16	211	0	14	0	216	5.375000	Stop	Shift
12224160.000000	3920	211	16	208	0	14	0	216	5.375000	Stop	BackShift
12224160.000000	3920	211	16	208	208	14	0	216	5.375000	StopFinished
12224160.000000	3920	11	17	208	0	208	0	0	5.375000	0.000000	AdjustIndex
914360.000000	3920	209	17	10	0	208	0	199	5.375000	0.000000	OverTreshold
914360.000000	-4400	209	17	10	0	208	0	199	5.375000	FlushStart
914360.000000	-4400	209	17	10	0	208	0	216	5.375000	FlushStop
914360.000000	-4400	209	17	10	0	208	0	216	5.375000	0.001984	Stop
914360.000000	-4000	209	17	10	0	208	0	216	5.375000	Stop	Shift
914360.000000	-3880	209	17	13	0	208	0	216	5.375000	Stop	BackShift
914360.000000	-3880	209	17	13	13	208	0	216	5.375000	StopFinished
914360.000000	-3880	13	18	13	0	13	0	0	5.375000	NaN	AdjustIndex
13466360.000000	-3880	211	18	211	0	13	0	199	5.400000	NaN	OverTreshold
13466360.000000	4400	211	18	211	0	13	0	199	5.400000	FlushStart
13466360.000000	4400	211	18	211	0	13	0	217	5.400000	FlushStop
13466360.000000	4400	211	18	211	0	13	0	217	5.400000	0.931782	Stop
13466360.000000	4040	211	18	211	0	13	0	217	5.400000	Stop	Shift
13466360.000000	3920	211	18	208	0	13	0	217	5.400000	Stop	BackShift
13466360.000000	3920	211	18	208	208	13	0	217	5.400000	StopFinished
13466360.000000	3920	11	19	208	0	208	0	0	5.400000	0.000000	AdjustIndex
942480.000000	3920	209	19	10	0	208	0	199	5.400000	0.000000	OverTreshold
942480.000000	-4400	209	19	10	0	208	0	199	5.400000	FlushStart
942480.000000	-4400	209	19	10	0	208	0	217	5.400000	FlushStop
942480.000000	-4400	209	19	10	0	208	0	217	5.400000	0.002055	Stop
942480.000000	-4000	209	19	10	0	208	0	217	5.400000	Stop	Shift
942480.000000	-3880	209	19	13	0	208	0	217	5.400000	Stop	BackShift
942480.000000	-3880	209	19	13	13	208	0	217	5.400000	StopFinished
942480.000000	-3880	13	20	13	0	13	0	0	5.400000	NaN	AdjustIndex
13598640.000000	-3880	211	20	211	0	13	0	199	5.400000	NaN	OverTreshold
13598640.000000	4400	211	20	211	0	13	0	199	5.400000	FlushStart
13598640.000000	4400	211	20	211	0	13	0	217	5.400000	FlushStop
13598640.000000	4400	211	20	211	0	13	0	217	5.400000	1.721602	Stop
13598640.000000	4040	211	20	211	0	13	0	217	5.400000	Stop	Shift
13598640.000000	3920	211	20	208	0	13	0	217	5.400000	Stop	BackShift
13598640.000000	3920	211	20	208	208	13	0	217	5.400000	StopFinished
13598640.000000	3920	11	21	208	0	208	0	0	5.400000	0.000000	AdjustIndex
1031320.000000	3920	209	21	10	0	208	0	199	5.400000	0.000000	OverTreshold
1031320.000000	-4400	209	21	10	0	208	0	199	5.400000	FlushStart
1031320.000000	-4400	209	21	10	0	208	0	217	5.400000	FlushStop
1031320.000000	-4400	209	21	10	0	208	0	217	5.400000	0.212962	Stop
1031320.000000	-4000	209	21	10	0	208	0	217	5.400000	Stop	Shift
1031320.000000	-3880	209	21	13	0	208	0	217	5.400000	Stop	BackShift
1031320.000000	-3880	209	21	13	13	208	0	217	5.400000	StopFinished
1031320.000000	-3880	13	22	13	0	13	0	0	5.400000	NaN	AdjustIndex
14207440.000000	-3880	211	22	211	0	13	0	199	5.400000	NaN	OverTreshold
14207440.000000	4400	211	22	211	0	13	0	199	5.400000	FlushStart
14207440.000000	4400	211	22	211	0	13	0	217	5.400000	FlushStop
14207440.000000	4400	211	22	211	0	13	0	217	5.400000	0.929108	Stop
14207440.000000	4040	211	22	211	0	13	0	217	5.400000	Stop	Shift
14207440.000000	3920	211	22	208	0	13	0	217	5.400000	Stop	BackShift
14207440.000000	3920	211	22	208	208	13	0	217	5.400000	StopFinished
14207440.000000	3920	11	23	208	0	208	0	0	5.400000	0.000000	AdjustIndex
1068760.000000	3920	209	23	10	0	208	0	199	5.400000	0.000000	OverTreshold
1068760.000000	-4400	209	23	10	0	208	0	199	5.400000	FlushStart
1068760.000000	-4400	209	23	10	0	208	0	217	5.400000	FlushStop
1068760.000000	-4400	209	23	10	0	208	0	217	5.400000	0.232636	Stop
1068760.000000	-4000	209	23	10	0	208	0	217	5.400000	Stop	Shift
1068760.000000	-3880	209	23	13	0	208	0	217	5.400000	Stop	BackShift
1068760.000000	-3880	209	23	13	13	208	0	217	5.400000	StopFinished
1068760.000000	-3880	13	24	13	0	13	0	0	5.400000	NaN	AdjustIndex
13027360.000000	-3880	211	24	211	0	13	0	199	5.400000	NaN	OverTreshold
13027360.000000	4400	211	24	211	0	13	0	199	5.400000	FlushStart
13027360.000000	4400	211	24	211	0	13	0	217	5.400000	FlushStop
13027360.000000	4400	211	24	211	0	13	0	217	5.400000	0.170474	Stop
13027360.000000	4040	211	24	211	0	13	0	217	5.400000	Stop	Shift
13027360.000000	3920	211	24	208	0	13	0	217	5.400000	Stop	BackShift
13027360.000000	3920	211	24	208	208	13	0	217	5.400000	StopFinished
13027360.000000	3920	11	25	208	0	208	0	0	5.400000	0.000000	AdjustIndex
1096120.000000	3920	209	25	10	0	208	0	199	5.400000	0.000000	OverTreshold
1096120.000000	-4400	209	25	10	0	208	0	199	5.400000	FlushStart
1096120.000000	-4400	209	25	10	0	208	0	217	5.400000	FlushStop
1096120.000000	-4400	209	25	10	0	208	0	217	5.400000	0.209188	Stop
1096120.000000	-4000	209	25	10	0	208	0	217	5.400000	Stop	Shift
1096120.000000	-3880	209	25	13	0	208	0	217	5.400000	Stop	BackShift
1096120.000000	-3880	209	25	13	13	208	0	217	5.400000	StopFinished
1096120.000000	-3880	13	26	13	0	13	0	0	5.400000	NaN	AdjustIndex
12660400.000000	-3880	211	26	211	0	13	0	199	5.400000	NaN	OverTreshold
12660400.000000	4400	211	26	211	0	13	0	199	5.400000	FlushStart
12660400.000000	4400	211	26	211	0	13	0	217	5.400000	FlushStop
12660400.000000	4400	211	26	211	0	13	0	217	5.400000	1.215256	Stop
12660400.000000	4040	211	26	211	0	13	0	217	5.400000	Stop	Shift
12660400.000000	3920	211	26	208	0	13	0	217	5.400000	Stop	BackShift
12660400.000000	3920	211	26	208	208	13	0	217	5.400000	StopFinished
12660400.000000	3920	11	27	208	0	208	0	0	5.400000	0.000000	AdjustIndex
9025400.000000	3920	208	27	11	0	208	0	198	5.400000	0.000000	OverTreshold
9025400.000000	-4400	208	27	11	0	208	0	198	5.400000	FlushStart
9025400.000000	-4400	208	27	11	0	208	0	217	5.400000	FlushStop
9025400.000000	-4400	208	27	11	0	208	0	217	5.400000	0.002044	Stop
9025400.000000	-3960	208	27	11	0	208	0	217	5.400000	Stop	Shift
9025400.000000	-3840	208	27	14	0	208	0	217	5.400000	Stop	BackShift
9025400.000000	-3840	208	27	14	14	208	0	217	5.400000	StopFinished
9025400.000000	-3840	14	28	14	0	14	0	0	5.400000	NaN	AdjustIndex
12134920.000000	-3840	211	28	211	0	14	0	198	5.375000	NaN	OverTreshold
12134920.000000	4400	211	28	211	0	14	0	198	5.375000	FlushStart
12134920.000000	4400	211	28	211	0	14	0	216	5.375000	FlushStop
12134920.000000	4400	211	28	211	0	14	0	216	5.375000	0.167832	Stop
12134920.000000	4040	211	28	211	0	14	0	216	5.375000	Stop	Shift
12134920.000000	3920	211	28	208	0	14	0	216	5.375000	Stop	BackShift
12134920.000000	3920	211	28	208	208	14	0	216	5.375000	StopFinished
12134920.000000	3920	11	29	208	0	208	0	0	5.375000	0.000000	AdjustIndex
9547480.000000	3920	208	29	11	0	208	0	198	5.375000	0.000000	OverTreshold
9547480.000000	-4400	208	29	11	0	208	0	198	5.375000	FlushStart
9547480.000000	-4400	208	29	11	0	208	0	216	5.375000	FlushStop
9547480.000000	-4400	208	29	11	0	208	0	216	5.375000	0.049921	Stop
9547480.000000	-3960	208	29	11	0	208	0	216	5.375000	Stop	Shift
9547480.000000	-3840	208	29	14	0	208	0	216	5.375000	Stop	BackShift
9547480.000000	-3840	208	29	14	14	208	0	216	5.375000	StopFinished
13590160.000000	-3840	211	0	211	0	14	0	198	5.525000	NaN	OverTreshold
13590160.000000	4400	211	0	211	0	14	0	222	5.525000	0.044538	Stop
13590160.000000	4040	211	0	211	0	14	0	222	5.525000	Stop	Shift
13590160.000000	3920	211	0	208	0	14	0	222	5.525000	Stop	BackShift
13590160.000000	3920	211	0	208	208	14	0	222	5.525000	StopFinished
13590160.000000	3920	11	1	208	0	208	0	0	5.525000	0.000000	AdjustIndex
1088600.000000	3920	208	1	11	0	208	0	198	5.375000	0.000000	OverTreshold
1088600.000000	-4400	208	1	11	0	208	0	216	5.375000	0.000021	Stop
1088600.000000	-3960	208	1	11	0	208	0	216	5.375000	Stop	Shift
1088600.000000	-3840	208	1	14	0	208	0	216	5.375000	Stop	BackShift
1088600.000000	-3840	208	1	14	14	208	0	216	5.375000	StopFinished
1088600.000000	-3840	14	2	14	0	14	0	0	5.375000	NaN	AdjustIndex
14306680.000000	-3840	211	2	211	0	14	0	198	5.375000	NaN	OverTreshold
14306680.000000	4400	211	2	211	0	14	0	216	5.375000	0.000010	Stop
14306680.000000	4040	211	2	211	0	14	0	216	5.375000	Stop	Shift
14306680.000000	3920	211	2	208	0	14	0	216	5.375000	Stop	BackShift
14306680.000000	3920	211	2	208	208	14	0	216	5.375000	StopFinished
14306680.000000	3920	11	3	208	0	208	0	0	5.375000	0.000000	AdjustIndex
1086840.000000	3920	208	3	11	0	208	0	198	5.375000	0.000000	OverTreshold
1086840.000000	-4400	208	3	11	0	208	0	216	5.375000	0.000024	Stop
1086840.000000	-3960	208	3	11	0	208	0	216	5.375000	Stop	Shift
1086840.000000	-3840	208	3	14	0	208	0	216	5.375000	Stop	BackShift
1086840.000000	-3840	208	3	14	14	208	0	216	5.375000	StopFinished
1086840.000000	-3840	14	4	14	0	14	0	0	5.375000	NaN	AdjustIndex
12353720.000000	-3840	211	4	211	0	14	0	198	5.375000	NaN	OverTreshold
12353720.000000	4400	211	4	211	0	14	0	216	5.375000	0.000010	Stop
12353720.000000	4040	211	4	211	0	14	0	216	5.375000	Stop	Shift
12353720.000000	3920	211	4	208	0	14	0	216	5.375000	Stop	BackShift
12353720.000000	3920	211	4	208	208	14	0	216	5.375000	StopFinished
12353720.000000	3920	11	5	208	0	208	0	0	5.375000	0.000000	AdjustIndex
1069440.000000	3920	208	5	11	0	208	0	198	5.375000	0.000000	OverTreshold
1069440.000000	-4400	208	5	11	0	208	0	216	5.375000	0.000010	Stop
1069440.000000	-3960	208	5	11	0	208	0	216	5.375000	Stop	Shift
1069440.000000	-3840	208	5	14	0	208	0	216	5.375000	Stop	BackShift
1069440.000000	-3840	208	5	14	14	208	0	216	5.375000	StopFinished
1069440.000000	-3840	14	6	14	0	14	0	0	5.375000	NaN	AdjustIndex
13681960.000000	-3840	211	6	211	0	14	0	198	5.375000	NaN	OverTreshold
13681960.000000	4400	211	6	211	0	14	0	216	5.375000	0.000009	Stop
13681960.000000	4040	211	6	211	0	14	0	216	5.375000	Stop	Shift
13681960.000000	3920	211	6	208	0	14	0	216	5.375000	Stop	BackShift
13681960.000000	3920	211	6	208	208	14	0	216	5.375000	StopFinished
13681960.000000	3920	11	7	208	0	208	0	0	5.375000	0.000000	AdjustIndex
1075160.000000	3920	208	7	11	0	208	0	198	5.375000	0.000000	OverTreshold
1075160.000000	-4400	208	7	11	0	208	0	216	5.375000	0.000010	Stop
1075160.000000	-3960	208	7	11	0	208	0	216	5.375000	Stop	Shift
1075160.000000	-3840	208	7	14	0	208	0	216	5.375000	Stop	BackShift
1075160.000000	-3840	208	7	14	14	208	0	216	5.375000	StopFinished
1075160.000000	-3840	14	8	14	0	14	0	0	5.375000	NaN	AdjustIndex
14050440.000000	-3840	211	8	211	0	14	0	198	5.375000	NaN	OverTreshold
14050440.000000	4400	211	8	211	0	14	0	216	5.375000	0.000020	Stop
14050440.000000	4040	211	8	211	0	14	0	216	5.375000	Stop	Shift
14050440.000000	3920	211	8	208	0	14	0	216	5.375000	Stop	BackShift
14050440.000000	3920	211	8	208	208	14	0	216	5.375000	StopFinished
14050440.000000	3920	11	9	208	0	208	0	0	5.375000	0.000000	AdjustIndex
1094680.000000	3920	208	9	11	0	208	0	198	5.375000	0.000000	OverTreshold
1094680.000000	-4400	208	9	11	0	208	0	216	5.375000	0.000009	Stop
1094680.000000	-3960	208	9	11	0	208	0	216	5.375000	Stop	Shift
1094680.000000	-3840	208	9	14	0	208	0	216	5.375000	Stop	BackShift
1094680.000000	-3840	208	9	14	14	208	0	216	5.375000	StopFinished
1094680.000000	-3840	14	10	14	0	14	0	0	5.375000	NaN	AdjustIndex
14880080.000000	-3840	211	10	211	0	14	0	198	5.375000	NaN	OverTreshold
14880080.000000	4400	211	10	211	0	14	0	216	5.375000	0.000010	Stop
14880080.000000	4040	211	10	211	0	14	0	216	5.375000	Stop	Shift
14880080.000000	3920	211	10	208	0	14	0	216	5.375000	Stop	BackShift
14880080.000000	3920	211	10	208	208	14	0	216	5.375000	StopFinished
14880080.000000	3920	11	11	208	0	208	0	0	5.375000	0.000000	AdjustIndex
1135280.000000	3920	208	11	11	0	208	0	198	5.375000	0.000000	OverTreshold
1135280.000000	-4400	208	11	11	0	208	0	216	5.375000	0.000012	Stop
1135280.000000	-3960	208	11	11	0	208	0	216	5.375000	Stop	Shift
1135280.000000	-3840	208	11	14	0	208	0	216	5.375000	Stop	BackShift
1135280.000000	-3840	208	11	14	14	208	0	216	5.375000	StopFinished
1135280.000000	-3840	14	12	14	0	14	0	0	5.375000	NaN	AdjustIndex
12317960.000000	-3840	211	12	211	0	14	0	198	5.375000	NaN	OverTreshold
12317960.000000	4400	211	12	211	0	14	0	216	5.375000	0.000010	Stop
12317960.000000	4040	211	12	211	0	14	0	216	5.375000	Stop	Shift
12317960.000000	3920	211	12	208	0	14	0	216	5.375000	Stop	BackShift
12317960.000000	3920	211	12	208	208	14	0	216	5.375000	StopFinished
12317960.000000	3920	11	13	208	0	208	0	0	5.375000	0.000000	AdjustIndex
1171840.000000	3920	208	13	11	0	208	0	198	5.375000	0.000000	OverTreshold
1171840.000000	-4400	208	13	11	0	208	0	216	5.375000	0.000020	Stop
1171840.000000	-3960	208	13	11	0	208	0	216	5.375000	Stop	Shift
1171840.000000	-3840	208	13	14	0	208	0	216	5.375000	Stop	BackShift
1171840.000000	-3840	208	13	14	14	208	0	216	5.375000	StopFinished
1171840.000000	-3840	14	14	14	0	14	0	0	5.375000	NaN	AdjustIndex
10561040.000000	-3840	211	14	211	0	14	0	198	5.375000	NaN	OverTreshold
10561040.000000	4400	211	14	211	0	14	0	216	5.375000	0.000024	Stop
10561040.000000	4040	211	14	211	0	14	0	216	5.375000	Stop	Shift
10561040.000000	3920	211	14	208	0	14	0	216	5.375000	Stop	BackShift
10561040.000000	3920	211	14	208	208	14	0	216	5.375000	StopFinished
10561040.000000	3920	11	15	208	0	208	0	0	5.375000	0.000000	AdjustIndex
8006920.000000	3920	206	15	13	0	208	0	196	5.375000	0.000000	OverTreshold
8006920.000000	-4400	206	15	13	0	208	0	216	5.375000	0.000011	Stop
8006920.000000	-3880	206	15	13	0	208	0	216	5.375000	Stop	Shift
8006920.000000	-3760	206	15	16	0	208	0	216	5.375000	Stop	BackShift
8006920.000000	-3760	206	15	16	16	208	0	216	5.375000	StopFinished
8006920.000000	-3760	16	16	16	0	16	0	0	5.375000	NaN	AdjustIndex
9722080.000000	-3760	211	16	211	0	16	0	196	5.325000	NaN	OverTreshold
9722080.000000	4400	211	16	211	0	16	0	213	5.325000	0.000023	Stop
9722080.000000	4040	211	16	211	0	16	0	213	5.325000	Stop	Shift
9722080.000000	3920	211	16	208	0	16	0	213	5.325000	Stop	BackShift
9722080.000000	3920	211	16	208	208	16	0	213	5.325000	StopFinished
9722080.000000	3920	11	17	208	0	208	0	0	5.325000	0.000000	AdjustIndex
8423080.000000	3920	206	17	13	0	208	0	196	5.325000	0.000000	OverTreshold
8423080.000000	-4400	206	17	13	0	208	0	213	5.325000	0.000009	Stop
8423080.000000	-3880	206	17	13	0	208	0	213	5.325000	Stop	Shift
8423080.000000	-3760	206	17	16	0	208	0	213	5.325000	Stop	BackShift
8423080.000000	-3760	206	17	16	16	208	0	213	5.325000	StopFinished
8423080.000000	-3760	16	18	16	0	16	0	0	5.325000	NaN	AdjustIndex
11190640.000000	-3760	211	18	211	0	16	0	196	5.325000	NaN	OverTreshold
11190640.000000	4400	211	18	211	0	16	0	213	5.325000	0.000009	Stop
11190640.000000	4040	211	18	211	0	16	0	213	5.325000	Stop	Shift
11190640.000000	3920	211	18	208	0	16	0	213	5.325000	Stop	BackShift
11190640.000000	3920	211	18	208	208	16	0	213	5.325000	StopFinished
11190640.000000	3920	11	19	208	0	208	0	0	5.325000	0.000000	AdjustIndex
8029480.000000	3920	206	19	13	0	208	0	196	5.325000	0.000000	OverTreshold
8029480.000000	-4400	206	19	13	0	208	0	213	5.325000	0.000020	Stop
8029480.000000	-3880	206	19	13	0	208	0	213	5.325000	Stop	Shift
8029480.000000	-3760	206	19	16	0	208	0	213	5.325000	Stop	BackShift
8029480.000000	-3760	206	19	16	16	208	0	213	5.325000	StopFinished
8029480.000000	-3760	16	20	16	0	16	0	0	5.325000	NaN	AdjustIndex
11087320.000000	-3760	211	20	211	0	16	0	196	5.325000	NaN	OverTreshold
11087320.000000	4400	211	20	211	0	16	0	213	5.325000	0.000009	Stop
11087320.000000	4040	211	20	211	0	16	0	213	5.325000	Stop	Shift
11087320.000000	3920	211	20	208	0	16	0	213	5.325000	Stop	BackShift
11087320.000000	3920	211	20	208	208	16	0	213	5.325000	StopFinished
11087320.000000	3920	11	21	208	0	208	0	0	5.325000	0.000000	AdjustIndex
8313120.000000	3920	207	21	12	0	208	0	197	5.325000	0.000000	OverTreshold
8313120.000000	-4400	207	21	12	0	208	0	213	5.325000	0.000019	Stop
8313120.000000	-3920	207	21	12	0	208	0	213	5.325000	Stop	Shift
8313120.000000	-3800	207	21	15	0	208	0	213	5.325000	Stop	BackShift
8313120.000000	-3800	207	21	15	15	208	0	213	5.325000	StopFinished
8313120.000000	-3800	15	22	15	0	15	0	0	5.325000	NaN	AdjustIndex
11632840.000000	-3800	211	22	211	0	15	0	197	5.350000	NaN	OverTreshold
11632840.000000	4400	211	22	211	0	15	0	214	5.350000	0.000010	Stop
11632840.000000	4040	211	22	211	0	15	0	214	5.350000	Stop	Shift
11632840.000000	3920	211	22	208	0	15	0	214	5.350000	Stop	BackShift
11632840.000000	3920	211	22	208	208	15	0	214	5.350000	StopFinished
11632840.000000	3920	11	23	208	0	208	0	0	5.350000	0.000000	AdjustIndex
9179360.000000	3920	207	23	12	0	208	0	197	5.350000	0.000000	OverTreshold
9179360.000000	-4400	207	23	12	0	208	0	214	5.350000	0.000023	Stop
9179360.000000	-3920	207	23	12	0	208	0	214	5.350000	Stop	Shift
9179360.000000	-3800	207	23	15	0	208	0	214	5.350000	Stop	BackShift
9179360.000000	-3800	207	23	15	15	208	0	214	5.350000	StopFinished
9179360.000000	-3800	15	24	15	0	15	0	0	5.350000	NaN	AdjustIndex
11353120.000000	-3800	211	24	211	0	15	0	197	5.350000	NaN	OverTreshold
11353120.000000	4400	211	24	211	0	15	0	214	5.350000	0.000010	Stop
11353120.000000	4040	211	24	211	0	15	0	214	5.350000	Stop	Shift
11353120.000000	3920	211	24	208	0	15	0	214	5.350000	Stop	BackShift
11353120.000000	3920	211	24	208	208	15	0	214	5.350000	StopFinished
11353120.000000	3920	11	25	208	0	208	0	0	5.350000	0.000000	AdjustIndex
10528160.000000	3920	207	25	12	0	208	0	197	5.350000	0.000000	OverTreshold
10528160.000000	-4400	207	25	12	0	208	0	214	5.350000	0.000009	Stop
10528160.000000	-3920	207	25	12	0	208	0	214	5.350000	Stop	Shift
10528160.000000	-3800	207	25	15	0	208	0	214	5.350000	Stop	BackShift
10528160.000000	-3800	207	25	15	15	208	0	214	5.350000	StopFinished
10528160.000000	-3800	15	26	15	0	15	0	0	5.350000	NaN	AdjustIndex
11217280.000000	-3800	211	26	211	0	15	0	197	5.350000	NaN	OverTreshold
11217280.000000	4400	211	26	211	0	15	0	214	5.350000	0.000009	Stop
11217280.000000	4040	211	26	211	0	15	0	214	5.350000	Stop	Shift
11217280.000000	3920	211	26	208	0	15	0	214	5.350000	Stop	BackShift
11217280.000000	3920	211	26	208	208	15	0	214	5.350000	StopFinished
11217280.000000	3920	11	27	208	0	208	0	0	5.350000	0.000000	AdjustIndex
11022800.000000	3920	207	27	12	0	208	0	197	5.350000	0.000000	OverTreshold
11022800.000000	-4400	207	27	12	0	208	0	214	5.350000	0.000009	Stop
11022800.000000	-3920	207	27	12	0	208	0	214	5.350000	Stop	Shift
11022800.000000	-3800	207	27	15	0	208	0	214	5.350000	Stop	BackShift
11022800.000000	-3800	207	27	15	15	208	0	214	5.350000	StopFinished
11022800.000000	-3800	15	28	15	0	15	0	0	5.350000	NaN	AdjustIndex
10303280.000000	-3800	211	28	211	0	15	0	197	5.350000	NaN	OverTreshold
10303280.000000	4400	211	28	211	0	15	0	214	5.350000	0.000009	Stop
10303280.000000	4040	211	28	211	0	15	0	214	5.350000	Stop	Shift
10303280.000000	3920	211	28	208	0	15	0	214	5.350000	Stop	BackShift
10303280.000000	3920	211	28	208	208	15	0	214	5.350000	StopFinished
10303280.000000	3920	11	29	208	0	208	0	0	5.350000	0.000000	AdjustIndex
12806120.000000	3920	207	29	12	0	208	0	197	5.350000	0.000000	OverTreshold
12806120.000000	-4400	207	29	12	0	208	0	214	5.350000	0.129020	Stop
12806120.000000	-3920	207	29	12	0	208	0	214	5.350000	Stop	Shift
12806120.000000	-3800	207	29	15	0	208	0	214	5.350000	Stop	BackShift
12806120.000000	-3800	207	29	15	15	208	0	214	5.350000	StopFinished
